Size: 26		Height: 6
Preorder: 500 382 208 206 25 20 85 331 301 300 391 454 401 731 645 605 605 670 666 705 890 799 850 1010 999 1053 
Inorder: 20 25 85 206 208 300 301 331 382 391 401 454 500 605 605 645 666 670 705 731 799 850 890 999 1010 1053 
Postorder: 20 85 25 206 300 301 331 208 401 454 391 382 605 605 666 705 670 645 850 799 999 1053 1010 890 731 500 
Deleting: 500		Size: 25		Height: 6
Deleting: 645		Size: 24		Height: 6
Deleting: 206		Size: 23		Height: 6
Deleting: 605		Size: 22		Height: 6
Deleting: 605		Size: 21		Height: 6
Deleting: 401		Size: 20		Height: 6
Deleting: 300		Size: 19		Height: 5
500 Not Found
670 Found
391 Found
25 Found
401 Not Found
1053 Found
Preorder: 666 382 208 25 20 85 331 301 391 454 731 670 705 890 799 850 1010 999 1053 
Inorder: 20 25 85 208 301 331 382 391 454 666 670 705 731 799 850 890 999 1010 1053 
Postorder: 20 85 25 301 331 208 454 391 382 705 670 850 799 999 1053 1010 890 731 666 

